 <pre>

 Contingency table for Low clouds (octas)
 Selection: ALL    143 stations
Period: 20191101-20191114
Used {00,12} + 01 02 ... 24
 Limits    1.00000000       2.00000000       3.00000000       4.00000000       5.00000000       6.00000000       7.00000000    
 Each class is data <= limit, the very last > last limit
 Total number of values       82118
                                              OBSERVATION
                                   6744     1659     1319     1047      912      900     1637      859 |     15077
                                   1039      423      384      356      330      316      589      248 |      3685
                                    774      358      310      259      257      241      502      222 |      2923
                      RFRMIN25      668      349      329      275      293      245      515      210 |      2884
                                    543      343      324      298      233      278      545      210 |      2774
                                    636      415      366      326      320      334      660      267 |      3324
                                    852      628      597      490      510      528     1154      434 |      5193
                                   3069     4293     4472     4220     4688     5640    12468     7408 |     46258

                    SUM           14325     8468     8101     7271     7543     8482    18070     9858 |     82118
                                              OBSERVATION
                                   9741     3177     2655     2159     2042     1988     3764     1646 |     27172
                                    538      297      261      243      273      234      501      222 |      2569
                                    369      199      208      201      187      205      402      152 |      1923
                       RFRMIN1      301      199      175      143      155      166      339      125 |      1603
                                    258      173      215      151      149      182      338      151 |      1617
                                    273      232      218      198      195      170      423      155 |      1864
                                    392      326      335      275      342      298      701      288 |      2957
                                   2453     3865     4034     3901     4200     5239    11602     7119 |     42413

                    SUM           14325     8468     8101     7271     7543     8482    18070     9858 |     82118
                                              OBSERVATION
                                   9735     3233     2719     2220     2069     2071     3820     1669 |     27536
                                    556      291      266      255      250      267      485      191 |      2561
                                    341      202      205      174      195      174      400      179 |      1870
                  RFRMIN1_Wopt      265      170      187      145      148      174      334      149 |      1572
                                    235      164      159      150      157      178      360      137 |      1540
                                    286      229      202      165      175      176      417      158 |      1808
                                    361      342      370      290      317      315      701      256 |      2952
                                   2546     3837     3993     3872     4232     5127    11553     7119 |     42279

                    SUM           14325     8468     8101     7271     7543     8482    18070     9858 |     82118

