 <pre>

 Contingency table for Cloud base (m)
 Selection: ALL    143 stations
Period: 20191101-20191114
Used {00,12} + 03 06 09 12 15 18 21 24
 Limits    70.0000000       150.000000       300.000000       600.000000       1000.00000       1500.00000       2500.00000       5000.00000    
 Each class is data <= limit, the very last > last limit
 Total number of values       26159
                                                       OBSERVATION
                                    378      291      153       97       33       20        9        1        4 |       986
                                    144      289      195      133       54       31        6        4        3 |       859
                                     88      354      530      418      137       67       17       10        2 |      1623
                                     92      310      907     1741     1064      511      122       93       24 |      4864
                      RFRMIN25       70      122      355     1206     1940     1267      235      217       57 |      5469
                                     41       63      166      546      923     1211      144      121       61 |      3276
                                     27       42       82      297      443      608      308      137       20 |      1964
                                     26       31       62      211      349      336      204      379       38 |      1636
                                    169       95      188      825     1272     1429      414      583      507 |      5482

                    SUM            1035     1597     2638     5474     6215     5480     1459     1545      716 |     26159
                                                       OBSERVATION
                                    380      289      159      111       39       27       14        6        5 |      1030
                                    147      294      202      125       48       15        6        3        1 |       841
                                     87      342      465      368      133       66       13        7        2 |      1483
                                     78      278      856     1451      797      385       66       68       13 |      3992
                       RFRMIN1       56      129      355     1086     1560      929      164      131       30 |      4440
                                     38       69      158      561      900     1019      144       90       35 |      3014
                                     34       39       95      317      457      600      213      108       14 |      1877
                                     29       32       80      299      412      395      270      372       44 |      1933
                                    186      125      268     1156     1869     2044      569      760      572 |      7549

                    SUM            1035     1597     2638     5474     6215     5480     1459     1545      716 |     26159
                                                       OBSERVATION
                                    391      289      170      105       36       24       11        8        6 |      1040
                                    144      290      200      144       48       22        8        2        1 |       859
                                    100      340      483      376      131       66       14        7        1 |      1518
                                     76      309      841     1541      820      406       83       62       17 |      4155
                  RFRMIN1_Wopt       55      120      350     1046     1643      967      150      154       30 |      4515
                                     42       75      178      508      778      957      130      100       37 |      2805
                                     23       35       90      313      459      589      218       85       18 |      1830
                                     22       30       77      305      441      407      238      376       36 |      1932
                                    182      109      249     1136     1859     2042      607      751      570 |      7505

                    SUM            1035     1597     2638     5474     6215     5480     1459     1545      716 |     26159

