 <pre>

 Contingency table for Low clouds (octas)
 Selection: Ireland     27 stations
Period: 20191101-20191114
Used {12} + 01 02 ... 24
 Limits    1.00000000       2.00000000       3.00000000       4.00000000       5.00000000       6.00000000       7.00000000    
 Each class is data <= limit, the very last > last limit
 Total number of values        7810
                                              OBSERVATION
                                    820      194      138      124       95      120      199      122 |      1812
                                    109       34       41       38       31       35       65       25 |       378
                                     65       30       25       24       35       21       74       18 |       292
                      RFRMIN25       64       24       34       30       29       18       54       23 |       276
                                     49       31       34       20       26       28       60       24 |       272
                                     64       41       34       27       27       23       73       35 |       324
                                     72       62       54       43       39       42      116       47 |       475
                                    258      260      264      238      281      372     1361      947 |      3981

                    SUM            1501      676      624      544      563      659     2002     1241 |      7810
                                              OBSERVATION
                                   1124      332      269      224      211      237      471      214 |      3082
                                     44       20       20       19       24       19       51       21 |       218
                                     23       17       18       19       17       22       46       25 |       187
                       RFRMIN1       23       22       19        8       19       14       38       19 |       162
                                     30       12       28       10        6       13       44       24 |       167
                                     15       26       17       20       14       13       54       27 |       186
                                     34       29       19       23       37       31       79       45 |       297
                                    208      218      234      221      235      310     1219      866 |      3511

                    SUM            1501      676      624      544      563      659     2002     1241 |      7810
                                              OBSERVATION
                                   1141      341      264      222      219      226      483      223 |      3119
                                     39       28       27       18       22       25       59       32 |       250
                                     20       15       11       14       20       10       47       24 |       161
                  RFRMIN1_Wopt       24        9       21       19       15       11       22       14 |       135
                                     19        8       14       15       15       15       36       15 |       137
                                     28       17       11       16       14       16       44       21 |       167
                                     25       24       32       18       19       33       87       23 |       261
                                    205      234      244      222      239      323     1224      889 |      3580

                    SUM            1501      676      624      544      563      659     2002     1241 |      7810

