 <pre>

 Contingency table for Cloud base (m)
 Selection: Ireland     27 stations
Period: 20191101-20191114
Used {00,12} + 03 06 09 12 15 18 21 24
 Limits    70.0000000       150.000000       300.000000       600.000000       1000.00000       1500.00000       2500.00000       5000.00000    
 Each class is data <= limit, the very last > last limit
 Total number of values        4943
                                                       OBSERVATION
                                     69       67       22       18        2        1        1        0        0 |       180
                                     20       54       34       19        2        4        0        1        0 |       134
                                     15       59       91       47        8        8        1        2        0 |       231
                                     24       66      155      307      152       75       14       23        1 |       817
                      RFRMIN25       13       29       72      265      326      171       25       36        9 |       946
                                     13       15       37      143      212      184       16       24       16 |       660
                                     10        9       28       79       98       91       29       32        1 |       377
                                      6        4        9       48       77       64       21       74        8 |       311
                                     38       34       31      235      302      298       47      175      127 |      1287

                    SUM             208      337      479     1161     1179      896      154      367      162 |      4943
                                                       OBSERVATION
                                     72       69       30       19        2        2        3        2        0 |       199
                                     23       46       38       11        2        4        0        0        0 |       124
                                     18       64       76       49        9       10        0        2        0 |       228
                                     12       59      135      242      112       56        4       20        1 |       641
                       RFRMIN1       14       30       80      224      255      110       14       21        4 |       752
                                      9       17       39      128      205      151       11       11        5 |       576
                                     14        8       19       90       96       76       22       23        4 |       352
                                      5        8       15       76       84       60       27       57        8 |       340
                                     41       36       47      322      414      427       73      231      140 |      1731

                    SUM             208      337      479     1161     1179      896      154      367      162 |      4943
                                                       OBSERVATION
                                     71       71       24       17        2        2        2        2        0 |       191
                                     17       50       37       18        0        3        0        0        0 |       125
                                     22       58       80       46        9       10        0        1        0 |       226
                                     17       56      136      263      125       57        8       16        1 |       679
                  RFRMIN1_Wopt        9       32       74      210      283      137       12       32        3 |       792
                                     11       18       39      113      156      138       13        8        6 |       502
                                      7        6       22       89      102       74       24       16        3 |       343
                                      3        4       14       83       99       66       20       53        4 |       346
                                     51       42       53      322      403      409       75      239      145 |      1739

                    SUM             208      337      479     1161     1179      896      154      367      162 |      4943

