 <pre>

 Contingency table for Low clouds (octas)
 Selection: Ireland     27 stations
Period: 20191101-20191114
Used {00} + 01 02 ... 24
 Limits    1.00000000       2.00000000       3.00000000       4.00000000       5.00000000       6.00000000       7.00000000    
 Each class is data <= limit, the very last > last limit
 Total number of values        7936
                                              OBSERVATION
                                    814      184      144      105       87      102      224      100 |      1760
                                     83       45       37       36       33       42       79       41 |       396
                                     62       27       28       29       29       24       64       36 |       299
                      RFRMIN25       61       32       22       25       29       30       62       25 |       286
                                     50       29       28       29       23       30       83       29 |       301
                                     40       33       31       35       20       36       86       42 |       323
                                     75       37       51       41       49       43      125       61 |       482
                                    235      279      276      241      297      344     1320     1097 |      4089

                    SUM            1420      666      617      541      567      651     2043     1431 |      7936
                                              OBSERVATION
                                   1045      317      247      229      197      216      516      209 |      2976
                                     50       17       21       23       19       18       64       34 |       246
                                     37       22       19       16       18       12       52       26 |       202
                       RFRMIN1       21       15       16        7       19       16       35       18 |       147
                                     21       13       17       12       16       16       45       20 |       160
                                     23       16       18       16       17       10       38       14 |       152
                                     24       28       25       15       25       22       86       47 |       272
                                    199      238      254      223      256      341     1207     1063 |      3781

                    SUM            1420      666      617      541      567      651     2043     1431 |      7936
                                              OBSERVATION
                                   1059      303      260      243      214      231      520      215 |      3045
                                     47       23       30       24       24       19       57       24 |       248
                                     36       20       19       10       16       20       57       26 |       204
                  RFRMIN1_Wopt       20       14       10       15       17       17       55       28 |       176
                                     16       18       10       18       12       15       42       15 |       146
                                     20       15       16        8       12       20       49       18 |       158
                                     23       22       29       15       16       24       77       37 |       243
                                    199      251      243      208      256      305     1186     1068 |      3716

                    SUM            1420      666      617      541      567      651     2043     1431 |      7936

