 <pre>

 Contingency table for Cloud base (m)
 Selection: ALL    143 stations
Period: 20191101-20191114
Used {00} + 03 06 09 12 15 18 21 24
 Limits    70.0000000       150.000000       300.000000       600.000000       1000.00000       1500.00000       2500.00000       5000.00000    
 Each class is data <= limit, the very last > last limit
 Total number of values       13130
                                                       OBSERVATION
                                    233      167       82       50       17       11        5        1        2 |       568
                                     90      176       90       64       25       16        4        3        2 |       470
                                     52      180      277      214       80       31        9        6        2 |       851
                                     45      172      474      880      541      243       62       49       12 |      2478
                      RFRMIN25       38       65      174      581      920      605      112       97       29 |      2621
                                     21       29       87      270      437      598       73       50       23 |      1588
                                     16       24       41      150      225      327      149       65        7 |      1004
                                      6       11       30      106      176      187      119      193       20 |       848
                                     89       50       86      391      638      703      193      297      255 |      2702

                    SUM             590      874     1341     2706     3059     2721      726      761      352 |     13130
                                                       OBSERVATION
                                    230      158       84       53       17       11       10        4        4 |       571
                                     95      180       84       58       27        7        4        3        1 |       459
                                     51      186      248      187       68       33        6        3        2 |       784
                                     40      164      450      750      408      175       31       33        4 |      2055
                       RFRMIN1       30       65      170      494      751      439       78       64       19 |      2110
                                     21       29       84      287      437      515       73       39       12 |      1497
                                     22       21       52      174      228      312      109       51        5 |       974
                                     13        8       36      131      214      210      140      193       24 |       969
                                     88       63      133      572      909     1019      275      371      281 |      3711

                    SUM             590      874     1341     2706     3059     2721      726      761      352 |     13130
                                                       OBSERVATION
                                    246      162       86       52       14       13        8        7        5 |       593
                                     85      178       96       65       23        8        4        2        0 |       461
                                     56      183      247      195       72       34        9        5        1 |       802
                                     38      167      447      761      421      182       43       27       10 |      2096
                  RFRMIN1_Wopt       32       69      175      491      784      451       68       74       19 |      2163
                                     22       40       94      262      374      501       68       44       10 |      1415
                                     14       15       53      171      229      305      104       29        4 |       924
                                      9       10       36      150      224      215      125      193       20 |       982
                                     88       50      107      559      918     1012      297      380      283 |      3694

                    SUM             590      874     1341     2706     3059     2721      726      761      352 |     13130

