 <pre>

 Contingency table for Cloud base (m)
 Selection: ALL    143 stations
Period: 20191101-20191114
Used {12} + 03 06 09 12 15 18 21 24
 Limits    70.0000000       150.000000       300.000000       600.000000       1000.00000       1500.00000       2500.00000       5000.00000    
 Each class is data <= limit, the very last > last limit
 Total number of values       13029
                                                       OBSERVATION
                                    145      124       71       47       16        9        4        0        2 |       418
                                     54      113      105       69       29       15        2        1        1 |       389
                                     36      174      253      204       57       36        8        4        0 |       772
                                     47      138      433      861      523      268       60       44       12 |      2386
                      RFRMIN25       32       57      181      625     1020      662      123      120       28 |      2848
                                     20       34       79      276      486      613       71       71       38 |      1688
                                     11       18       41      147      218      281      159       72       13 |       960
                                     20       20       32      105      173      149       85      186       18 |       788
                                     80       45      102      434      634      726      221      286      252 |      2780

                    SUM             445      723     1297     2768     3156     2759      733      784      364 |     13029
                                                       OBSERVATION
                                    150      131       75       58       22       16        4        2        1 |       459
                                     52      114      118       67       21        8        2        0        0 |       382
                                     36      156      217      181       65       33        7        4        0 |       699
                                     38      114      406      701      389      210       35       35        9 |      1937
                       RFRMIN1       26       64      185      592      809      490       86       67       11 |      2330
                                     17       40       74      274      463      504       71       51       23 |      1517
                                     12       18       43      143      229      288      104       57        9 |       903
                                     16       24       44      168      198      185      130      179       20 |       964
                                     98       62      135      584      960     1025      294      389      291 |      3838

                    SUM             445      723     1297     2768     3156     2759      733      784      364 |     13029
                                                       OBSERVATION
                                    145      127       84       53       22       11        3        1        1 |       447
                                     59      112      104       79       25       14        4        0        1 |       398
                                     44      157      236      181       59       32        5        2        0 |       716
                                     38      142      394      780      399      224       40       35        7 |      2059
                  RFRMIN1_Wopt       23       51      175      555      859      516       82       80       11 |      2352
                                     20       35       84      246      404      456       62       56       27 |      1390
                                      9       20       37      142      230      284      114       56       14 |       906
                                     13       20       41      155      217      192      113      183       16 |       950
                                     94       59      142      577      941     1030      310      371      287 |      3811

                    SUM             445      723     1297     2768     3156     2759      733      784      364 |     13029

