 <pre>

 Contingency table for Low clouds (octas)
 Selection: ALL    143 stations
Period: 20191101-20191114
Used {00} + 01 02 ... 24
 Limits    1.00000000       2.00000000       3.00000000       4.00000000       5.00000000       6.00000000       7.00000000    
 Each class is data <= limit, the very last > last limit
 Total number of values       41125
                                              OBSERVATION
                                   3379      841      635      519      460      426      865      447 |      7572
                                    490      210      181      176      166      151      285      138 |      1797
                                    390      159      161      125      113      138      235      109 |      1430
                      RFRMIN25      347      178      157      123      142      121      278      110 |      1456
                                    270      177      155      142      117      133      294      106 |      1394
                                    302      198      171      163      156      163      313      142 |      1608
                                    395      291      301      245      252      282      589      221 |      2576
                                   1477     2136     2254     2109     2332     2803     6209     3972 |     23292

                    SUM            7050     4190     4015     3602     3738     4217     9068     5245 |     41125
                                              OBSERVATION
                                   4809     1564     1294     1074     1016      964     1884      848 |     13453
                                    261      141      123      124      138      112      268      125 |      1292
                                    191       96      111      107       91      112      185       70 |       963
                       RFRMIN1      156       90       85       67       77       87      166       64 |       792
                                    116       91       84       71       78      104      154       67 |       765
                                    129      111      113       90      105       89      214       78 |       929
                                    180      152      167      134      157      138      363      125 |      1416
                                   1208     1945     2038     1935     2076     2611     5834     3868 |     21515

                    SUM            7050     4190     4015     3602     3738     4217     9068     5245 |     41125
                                              OBSERVATION
                                   4825     1573     1344     1093     1024     1015     1942      830 |     13646
                                    293      136      134      129      118      133      237       87 |      1267
                                    174      103       93       78       91       92      204       81 |       916
                  RFRMIN1_Wopt      111       94       91       69       65       90      172       88 |       780
                                    122       99       72       79       75       91      188       68 |       794
                                    110      110      103       78       85       86      191       74 |       837
                                    156      163      188      146      160      152      347      131 |      1443
                                   1259     1912     1990     1930     2120     2558     5787     3886 |     21442

                    SUM            7050     4190     4015     3602     3738     4217     9068     5245 |     41125

