 <pre>

 Contingency table for Low clouds (octas)
 Selection: ALL    143 stations
Period: 20191101-20191114
Used {12} + 01 02 ... 24
 Limits    1.00000000       2.00000000       3.00000000       4.00000000       5.00000000       6.00000000       7.00000000    
 Each class is data <= limit, the very last > last limit
 Total number of values       40993
                                              OBSERVATION
                                   3365      818      684      528      452      474      772      412 |      7505
                                    549      213      203      180      164      165      304      110 |      1888
                                    384      199      149      134      144      103      267      113 |      1493
                      RFRMIN25      321      171      172      152      151      124      237      100 |      1428
                                    273      166      169      156      116      145      251      104 |      1380
                                    334      217      195      163      164      171      347      125 |      1716
                                    457      337      296      245      258      246      565      213 |      2617
                                   1592     2157     2218     2111     2356     2837     6259     3436 |     22966

                    SUM            7275     4278     4086     3669     3805     4265     9002     4613 |     40993
                                              OBSERVATION
                                   4932     1613     1361     1085     1026     1024     1880      798 |     13719
                                    277      156      138      119      135      122      233       97 |      1277
                                    178      103       97       94       96       93      217       82 |       960
                       RFRMIN1      145      109       90       76       78       79      173       61 |       811
                                    142       82      131       80       71       78      184       84 |       852
                                    144      121      105      108       90       81      209       77 |       935
                                    212      174      168      141      185      160      338      163 |      1541
                                   1245     1920     1996     1966     2124     2628     5768     3251 |     20898

                    SUM            7275     4278     4086     3669     3805     4265     9002     4613 |     40993
                                              OBSERVATION
                                   4910     1660     1375     1127     1045     1056     1878      839 |     13890
                                    263      155      132      126      132      134      248      104 |      1294
                                    167       99      112       96      104       82      196       98 |       954
                  RFRMIN1_Wopt      154       76       96       76       83       84      162       61 |       792
                                    113       65       87       71       82       87      172       69 |       746
                                    176      119       99       87       90       90      226       84 |       971
                                    205      179      182      144      157      163      354      125 |      1509
                                   1287     1925     2003     1942     2112     2569     5766     3233 |     20837

                    SUM            7275     4278     4086     3669     3805     4265     9002     4613 |     40993

