 <pre>

 Contingency table for Low clouds (octas)
 Selection: Ireland     27 stations
Period: 20191101-20191114
Used {00,12} + 01 02 ... 24
 Limits    1.00000000       2.00000000       3.00000000       4.00000000       5.00000000       6.00000000       7.00000000    
 Each class is data <= limit, the very last > last limit
 Total number of values       15746
                                              OBSERVATION
                                   1634      378      282      229      182      222      423      222 |      3572
                                    192       79       78       74       64       77      144       66 |       774
                                    127       57       53       53       64       45      138       54 |       591
                      RFRMIN25      125       56       56       55       58       48      116       48 |       562
                                     99       60       62       49       49       58      143       53 |       573
                                    104       74       65       62       47       59      159       77 |       647
                                    147       99      105       84       88       85      241      108 |       957
                                    493      539      540      479      578      716     2681     2044 |      8070

                    SUM            2921     1342     1241     1085     1130     1310     4045     2672 |     15746
                                              OBSERVATION
                                   2169      649      516      453      408      453      987      423 |      6058
                                     94       37       41       42       43       37      115       55 |       464
                                     60       39       37       35       35       34       98       51 |       389
                       RFRMIN1       44       37       35       15       38       30       73       37 |       309
                                     51       25       45       22       22       29       89       44 |       327
                                     38       42       35       36       31       23       92       41 |       338
                                     58       57       44       38       62       53      165       92 |       569
                                    407      456      488      444      491      651     2426     1929 |      7292

                    SUM            2921     1342     1241     1085     1130     1310     4045     2672 |     15746
                                              OBSERVATION
                                   2200      644      524      465      433      457     1003      438 |      6164
                                     86       51       57       42       46       44      116       56 |       498
                                     56       35       30       24       36       30      104       50 |       365
                  RFRMIN1_Wopt       44       23       31       34       32       28       77       42 |       311
                                     35       26       24       33       27       30       78       30 |       283
                                     48       32       27       24       26       36       93       39 |       325
                                     48       46       61       33       35       57      164       60 |       504
                                    404      485      487      430      495      628     2410     1957 |      7296

                    SUM            2921     1342     1241     1085     1130     1310     4045     2672 |     15746

